USPS	GEOID	ANSICODE	NAME	ALAND	AWATER	ALAND_SQMI	AWATER_SQMI	INTPTLAT	INTPTLONG                                                                                                               
                                                                                                             
TN	47001	01639722	Anderson County	873352611	19665031	337.203	7.593	36.116731	-84.195418                                                                                                                 
TN	47003	01639723	Bedford County	1226719748	2980759	473.639	1.151	35.51366	-86.458294                                                                                                                   
TN	47005	01639724	Benton County	1021248372	108583505	394.306	41.924	36.070948	-88.071232                                                                                                                
TN	47007	01639725	Bledsoe County	1052973468	858669	406.555	0.332	35.593561	-85.20591                                                                                                                    
TN	47009	01639726	Blount County	1447336316	20159163	558.82	7.783	35.688185	-83.922973                                                                                                                   
TN	47011	01639727	Bradley County	851489196	6959141	328.762	2.687	35.153914	-84.859414                                                                                                                   
TN	47013	01639728	Campbell County	1243685301	46425147	480.19	17.925	36.401592	-84.159249                                                                                                                
TN	47015	01648572	Cannon County	687992379	156144	265.635	0.06	35.808394	-86.062404                                                                                                                      
TN	47017	01639729	Carroll County	1547925981	6308712	597.658	2.436	35.965748	-88.452379                                                                                                                  
TN	47019	01639730	Carter County	883854986	16670131	341.258	6.436	36.284744	-82.126593                                                                                                                   
TN	47021	01639731	Cheatham County	783480108	11821692	302.503	4.564	36.255169	-87.100808                                                                                                                 
TN	47023	01639732	Chester County	740053474	575590	285.736	0.222	35.420253	-88.611353                                                                                                                    
TN	47025	01639733	Claiborne County	1125619421	18052387	434.604	6.97	36.501572	-83.660698                                                                                                                
TN	47027	01648573	Clay County	612626871	59070611	236.537	22.807	36.545749	-85.545717                                                                                                                    
TN	47029	01639734	Cocke County	1129584563	17932684	436.135	6.924	35.916198	-83.119224                                                                                                                   
TN	47031	01639735	Coffee County	1111010401	14479480	428.964	5.591	35.488765	-86.078202                                                                                                                  
TN	47033	01648574	Crockett County	687714870	545783	265.528	0.211	35.818795	-89.132494                                                                                                                   
TN	47035	01639736	Cumberland County	1764574105	9099481	681.306	3.513	35.952398	-84.994761                                                                                                               
TN	47037	01639737	Davidson County	1304564434	56621444	503.695	21.862	36.169129	-86.78479                                                                                                                
TN	47039	01639739	Decatur County	864739796	28502982	333.878	11.005	35.603136	-88.110292                                                                                                                 
TN	47041	01639738	DeKalb County	788430955	63639368	304.415	24.571	35.982219	-85.833596                                                                                                                  
TN	47043	01639740	Dickson County	1268830618	3682665	489.898	1.422	36.145533	-87.364155                                                                                                                  
TN	47045	01639741	Dyer County	1326982067	35839863	512.351	13.838	36.054196	-89.398306                                                                                                                   
TN	47047	01639742	Fayette County	1825359640	3774635	704.775	1.457	35.196993	-89.413803                                                                                                                  
TN	47049	01639743	Fentress County	1291385622	841022	498.607	0.325	36.369892	-84.937764                                                                                                                  
TN	47051	01639744	Franklin County	1436141673	55046635	554.497	21.254	35.155926	-86.099203                                                                                                               
TN	47053	01639745	Gibson County	1561102696	2345193	602.745	0.905	35.991632	-88.933812                                                                                                                   
TN	47055	01639746	Giles County	1582304899	642572	610.931	0.248	35.202723	-87.035319                                                                                                                     
TN	47057	01648575	Grainger County	726715759	56600343	280.587	21.854	36.277509	-83.509546                                                                                                                
TN	47059	01639747	Greene County	1611409727	5099752	622.169	1.969	36.179487	-82.847523                                                                                                                   
TN	47061	01639748	Grundy County	933545812	1755421	360.444	0.678	35.393386	-85.710379                                                                                                                    
TN	47063	01648576	Hamblen County	417475125	37853343	161.188	14.615	36.218397	-83.266071                                                                                                                 
TN	47065	01639749	Hamilton County	1404197532	86784458	542.164	33.508	35.163472	-85.201843                                                                                                               
TN	47067	01648577	Hancock County	575816010	2988718	222.324	1.154	36.521353	-83.227493                                                                                                                   
TN	47069	01639750	Hardeman County	1729509842	6768751	667.768	2.613	35.218785	-88.988697                                                                                                                 
TN	47071	01639751	Hardin County	1495676918	48713523	577.484	18.808	35.201893	-88.185696                                                                                                                 
TN	47073	01639752	Hawkins County	1261468092	32541837	487.056	12.564	36.452089	-82.931485                                                                                                                
TN	47075	01639753	Haywood County	1380741528	2472509	533.107	0.955	35.586678	-89.282691                                                                                                                  
TN	47077	01639754	Henderson County	1346816753	15219341	520.009	5.876	35.653994	-88.387674                                                                                                               
TN	47079	01639755	Henry County	1455320362	81582236	561.902	31.499	36.325295	-88.300288                                                                                                                  
TN	47081	01639756	Hickman County	1586324712	373710	612.483	0.144	35.802327	-87.467116                                                                                                                   
TN	47083	01648578	Houston County	518758193	17303404	200.294	6.681	36.285782	-87.705598                                                                                                                  
TN	47085	01639757	Humphreys County	1374668727	67184110	530.763	25.94	36.040822	-87.790453                                                                                                               
TN	47087	01639758	Jackson County	799782676	27782759	308.798	10.727	36.35425	-85.674128                                                                                                                  
TN	47089	01639759	Jefferson County	712435044	101640417	275.073	39.244	36.048338	-83.441143                                                                                                              
TN	47091	01639760	Johnson County	772956196	11007739	298.44	4.25	36.453203	-81.861247                                                                                                                    
TN	47093	01639761	Knox County	1316574580	45556080	508.332	17.589	35.992726	-83.937721                                                                                                                   
TN	47095	01639762	Lake County	429381241	72799687	165.785	28.108	36.333905	-89.485536                                                                                                                    
TN	47097	01639763	Lauderdale County	1222203226	80251266	471.895	30.985	35.762951	-89.627732                                                                                                             
TN	47099	01639764	Lawrence County	1598359119	2218403	617.13	0.857	35.220476	-87.396546                                                                                                                  
TN	47101	01639765	Lewis County	730614739	1024940	282.092	0.396	35.523244	-87.496983                                                                                                                     
TN	47103	01639766	Lincoln County	1477179214	971039	570.342	0.375	35.142784	-86.593403                                                                                                                   
TN	47105	01639767	Loudon County	593811372	46869994	229.272	18.097	35.735085	-84.314085                                                                                                                  
TN	47107	01639773	McMinn County	1113997311	5340568	430.117	2.062	35.424472	-84.619949                                                                                                                   
TN	47109	01639774	McNairy County	1457753351	1994997	562.842	0.77	35.175375	-88.56374                                                                                                                    
TN	47111	01639768	Macon County	795498346	246690	307.144	0.095	36.537757	-86.00096                                                                                                                       
TN	47113	01639769	Madison County	1443073934	3757608	557.174	1.451	35.606056	-88.833424                                                                                                                  
TN	47115	01639770	Marion County	1290472798	36484703	498.254	14.087	35.133422	-85.618399                                                                                                                 
TN	47117	01639771	Marshall County	972442319	1801922	375.462	0.696	35.468343	-86.765865                                                                                                                  
TN	47119	01639772	Maury County	1588022045	6318294	613.139	2.44	35.615696	-87.077763                                                                                                                     
TN	47121	01639775	Meigs County	505397668	55738399	195.135	21.521	35.512203	-84.816102                                                                                                                   
TN	47123	01639776	Monroe County	1646647004	43545177	635.774	16.813	35.447818	-84.249705                                                                                                                 
TN	47125	01639777	Montgomery County	1396441787	12068782	539.169	4.66	36.500354	-87.380887                                                                                                               
TN	47127	01648579	Moore County	334684850	3093435	129.223	1.194	35.288888	-86.358684                                                                                                                     
TN	47129	01639778	Morgan County	1352439677	823018	522.18	0.318	36.138697	-84.639262                                                                                                                     
TN	47131	01639779	Obion County	1411148373	27448903	544.847	10.598	36.361892	-89.148078                                                                                                                  
TN	47133	01639780	Overton County	1122721524	3492728	433.485	1.349	36.34485	-85.283076                                                                                                                   
TN	47135	01639781	Perry County	1074228439	20992254	414.762	8.105	35.663752	-87.869326                                                                                                                   
TN	47137	01648580	Pickett County	422113138	29822845	162.979	11.515	36.559364	-85.075741                                                                                                                 
TN	47139	01639782	Polk County	1125622665	19906879	434.605	7.686	35.109437	-84.541112                                                                                                                    
TN	47141	01639783	Putnam County	1038860592	3777708	401.106	1.459	36.14094	-85.49618                                                                                                                     
TN	47143	01639784	Rhea County	817071273	54409427	315.473	21.008	35.60059	-84.949548                                                                                                                     
TN	47145	01639785	Roane County	934370822	88614648	360.763	34.214	35.84725	-84.523929                                                                                                                    
TN	47147	01639786	Robertson County	1233703847	457701	476.336	0.177	36.527509	-86.869354                                                                                                                 
TN	47149	01639787	Rutherford County	1603892832	12406556	619.267	4.79	35.843369	-86.417213                                                                                                               
TN	47151	01639788	Scott County	1378652173	2418741	532.301	0.934	36.435234	-84.50352                                                                                                                     
TN	47153	01652643	Sequatchie County	688550848	498315	265.851	0.192	35.372336	-85.410082                                                                                                                 
TN	47155	01639789	Sevier County	1534538403	13489383	592.489	5.208	35.787822	-83.5249                                                                                                                    
TN	47157	01639790	Shelby County	1969826793	51308328	760.554	19.81	35.184553	-89.894612                                                                                                                  
TN	47159	01639791	Smith County	814020543	28690306	314.295	11.077	36.256645	-85.941915                                                                                                                   
TN	47161	01639792	Stewart County	1190814528	86082696	459.776	33.237	36.458464	-87.811889                                                                                                                
TN	47163	01639793	Sullivan County	1070810025	42124187	413.442	16.264	36.509681	-82.301336                                                                                                               
TN	47165	01639794	Sumner County	1371292904	35631916	529.459	13.758	36.472423	-86.458405                                                                                                                 
TN	47167	01639795	Tipton County	1180026939	32703276	455.611	12.627	35.498763	-89.747145                                                                                                                 
TN	47169	01648581	Trousdale County	296143586	5960709	114.342	2.301	36.39303	-86.156691                                                                                                                  
TN	47171	01648582	Unicoi County	481902934	825726	186.064	0.319	36.100129	-82.418218                                                                                                                     
TN	47173	01648583	Union County	579077905	61005196	223.583	23.554	36.28414	-83.836088                                                                                                                    
TN	47175	01648584	Van Buren County	708142395	2893456	273.415	1.117	35.699234	-85.458409                                                                                                                 
TN	47177	01639796	Warren County	1120619165	3524883	432.673	1.361	35.67825	-85.777343                                                                                                                    
TN	47179	01639797	Washington County	845605993	8635313	326.49	3.334	36.295665	-82.495037                                                                                                                 
TN	47181	01639798	Wayne County	1901333937	4023436	734.109	1.553	35.242847	-87.819843                                                                                                                    
TN	47183	01639799	Weakley County	1503107797	3707114	580.353	1.431	36.303596	-88.721194                                                                                                                  
TN	47185	01639800	White County	975592109	7113368	376.678	2.746	35.927049	-85.455785                                                                                                                     
TN	47187	01639801	Williamson County	1509607199	3017704	582.863	1.165	35.894807	-86.898068                                                                                                               
TN	47189	01639802	Wilson County	1478548412	32071810	570.871	12.383	36.149527	-86.291242                                                                                                                 
